10,93
10,207
10,255
10,81
10,91
10,19
11,5
11,9
11,7
9,2
9,3
8,5
8,12
8,6
8,7
8,2
8,3
25,3
25,2
25,1
25,0
24,3
24,2
24,1
24,0
20,3
20,2
20,1
19,3
19,2
19,1
12,3
12,2
12,1
11,29
11,28
11,27
11,26
11,25
18,1
11,24
11,23
18,3
11,22
11,21
11,20
11,19
11,18
11,17
11,16
11,15
11,14
11,13
11,12
11,10
14,1
11,8
14,3
11,4
11,3
13,1
11,2
13,3
11,1
10,308
10,302
10,298
10,294
10,290
10,287
10,266
10,264
10,260
10,250
10,249
10,247
10,246
10,234
10,232
10,224
10,221
10,217
10,204
10,200
10,199
10,196
10,195
10,194
